{
 "cells": [
  {
   "cell_type": "markdown",
   "metadata": {},
   "source": [
    "# Imports"
   ]
  },
  {
   "cell_type": "code",
   "execution_count": 1,
   "metadata": {},
   "outputs": [],
   "source": [
    "import pandas as pd\n",
    "import numpy as np\n",
    "import plotly.graph_objects as go\n",
    "import plotly.express as px"
   ]
  },
  {
   "cell_type": "markdown",
   "metadata": {},
   "source": [
    "# Definitions"
   ]
  },
  {
   "cell_type": "code",
   "execution_count": 2,
   "metadata": {},
   "outputs": [],
   "source": [
    "base_path = \"C:/Users/Zi/Documents/data-science-crossfit/\""
   ]
  },
  {
   "cell_type": "markdown",
   "metadata": {},
   "source": [
    "# Data Analysis"
   ]
  },
  {
   "cell_type": "code",
   "execution_count": 3,
   "metadata": {},
   "outputs": [],
   "source": [
    "df_games_and_open = pd.read_csv(base_path + \"csv_files/version_2_clean_data/df_games_and_open.csv\")\n",
    "df_games_and_open = df_games_and_open[df_games_and_open['year'] != 2023]"
   ]
  },
  {
   "cell_type": "code",
   "execution_count": 4,
   "metadata": {},
   "outputs": [
    {
     "data": {
      "text/html": [
       "<div>\n",
       "<style scoped>\n",
       "    .dataframe tbody tr th:only-of-type {\n",
       "        vertical-align: middle;\n",
       "    }\n",
       "\n",
       "    .dataframe tbody tr th {\n",
       "        vertical-align: top;\n",
       "    }\n",
       "\n",
       "    .dataframe thead th {\n",
       "        text-align: right;\n",
       "    }\n",
       "</style>\n",
       "<table border=\"1\" class=\"dataframe\">\n",
       "  <thead>\n",
       "    <tr style=\"text-align: right;\">\n",
       "      <th></th>\n",
       "      <th>competitorId</th>\n",
       "      <th>competitorName</th>\n",
       "      <th>firstName</th>\n",
       "      <th>lastName</th>\n",
       "      <th>gender</th>\n",
       "      <th>genderId</th>\n",
       "      <th>age</th>\n",
       "      <th>ageNull</th>\n",
       "      <th>height</th>\n",
       "      <th>heightNull</th>\n",
       "      <th>...</th>\n",
       "      <th>status</th>\n",
       "      <th>statusId</th>\n",
       "      <th>year</th>\n",
       "      <th>overallRank</th>\n",
       "      <th>overallScore</th>\n",
       "      <th>openCompetitor</th>\n",
       "      <th>openRank</th>\n",
       "      <th>openScore</th>\n",
       "      <th>gamesCompetitions</th>\n",
       "      <th>openCompetitions</th>\n",
       "    </tr>\n",
       "  </thead>\n",
       "  <tbody>\n",
       "    <tr>\n",
       "      <th>0</th>\n",
       "      <td>1616</td>\n",
       "      <td>Russ Greene</td>\n",
       "      <td>Russ</td>\n",
       "      <td>Greene</td>\n",
       "      <td>M</td>\n",
       "      <td>1</td>\n",
       "      <td>20</td>\n",
       "      <td>0</td>\n",
       "      <td>178.000000</td>\n",
       "      <td>0</td>\n",
       "      <td>...</td>\n",
       "      <td>ACT</td>\n",
       "      <td>1</td>\n",
       "      <td>2007</td>\n",
       "      <td>11</td>\n",
       "      <td>232</td>\n",
       "      <td>0</td>\n",
       "      <td>140133</td>\n",
       "      <td>604776</td>\n",
       "      <td>1</td>\n",
       "      <td>0</td>\n",
       "    </tr>\n",
       "    <tr>\n",
       "      <th>1</th>\n",
       "      <td>1616</td>\n",
       "      <td>Russ Greene</td>\n",
       "      <td>Russ</td>\n",
       "      <td>Greene</td>\n",
       "      <td>M</td>\n",
       "      <td>1</td>\n",
       "      <td>21</td>\n",
       "      <td>0</td>\n",
       "      <td>178.000000</td>\n",
       "      <td>0</td>\n",
       "      <td>...</td>\n",
       "      <td>ACT</td>\n",
       "      <td>1</td>\n",
       "      <td>2008</td>\n",
       "      <td>53</td>\n",
       "      <td>21</td>\n",
       "      <td>0</td>\n",
       "      <td>140133</td>\n",
       "      <td>604776</td>\n",
       "      <td>2</td>\n",
       "      <td>0</td>\n",
       "    </tr>\n",
       "    <tr>\n",
       "      <th>2</th>\n",
       "      <td>1685</td>\n",
       "      <td>Christopher Woods</td>\n",
       "      <td>Christopher</td>\n",
       "      <td>Woods</td>\n",
       "      <td>M</td>\n",
       "      <td>1</td>\n",
       "      <td>29</td>\n",
       "      <td>0</td>\n",
       "      <td>163.000000</td>\n",
       "      <td>0</td>\n",
       "      <td>...</td>\n",
       "      <td>ACT</td>\n",
       "      <td>1</td>\n",
       "      <td>2008</td>\n",
       "      <td>32</td>\n",
       "      <td>19</td>\n",
       "      <td>0</td>\n",
       "      <td>140133</td>\n",
       "      <td>604776</td>\n",
       "      <td>1</td>\n",
       "      <td>0</td>\n",
       "    </tr>\n",
       "    <tr>\n",
       "      <th>3</th>\n",
       "      <td>1690</td>\n",
       "      <td>Travis Mayer</td>\n",
       "      <td>Travis</td>\n",
       "      <td>Mayer</td>\n",
       "      <td>M</td>\n",
       "      <td>1</td>\n",
       "      <td>23</td>\n",
       "      <td>0</td>\n",
       "      <td>181.000000</td>\n",
       "      <td>0</td>\n",
       "      <td>...</td>\n",
       "      <td>ACT</td>\n",
       "      <td>1</td>\n",
       "      <td>2014</td>\n",
       "      <td>29</td>\n",
       "      <td>483</td>\n",
       "      <td>1</td>\n",
       "      <td>17</td>\n",
       "      <td>566</td>\n",
       "      <td>1</td>\n",
       "      <td>1</td>\n",
       "    </tr>\n",
       "    <tr>\n",
       "      <th>4</th>\n",
       "      <td>1690</td>\n",
       "      <td>Travis Mayer</td>\n",
       "      <td>Travis</td>\n",
       "      <td>Mayer</td>\n",
       "      <td>M</td>\n",
       "      <td>1</td>\n",
       "      <td>25</td>\n",
       "      <td>0</td>\n",
       "      <td>181.000000</td>\n",
       "      <td>0</td>\n",
       "      <td>...</td>\n",
       "      <td>ACT</td>\n",
       "      <td>1</td>\n",
       "      <td>2016</td>\n",
       "      <td>10</td>\n",
       "      <td>702</td>\n",
       "      <td>1</td>\n",
       "      <td>3</td>\n",
       "      <td>86</td>\n",
       "      <td>2</td>\n",
       "      <td>2</td>\n",
       "    </tr>\n",
       "    <tr>\n",
       "      <th>...</th>\n",
       "      <td>...</td>\n",
       "      <td>...</td>\n",
       "      <td>...</td>\n",
       "      <td>...</td>\n",
       "      <td>...</td>\n",
       "      <td>...</td>\n",
       "      <td>...</td>\n",
       "      <td>...</td>\n",
       "      <td>...</td>\n",
       "      <td>...</td>\n",
       "      <td>...</td>\n",
       "      <td>...</td>\n",
       "      <td>...</td>\n",
       "      <td>...</td>\n",
       "      <td>...</td>\n",
       "      <td>...</td>\n",
       "      <td>...</td>\n",
       "      <td>...</td>\n",
       "      <td>...</td>\n",
       "      <td>...</td>\n",
       "      <td>...</td>\n",
       "    </tr>\n",
       "    <tr>\n",
       "      <th>1709</th>\n",
       "      <td>2377148</td>\n",
       "      <td>Melanie Ward</td>\n",
       "      <td>Melanie</td>\n",
       "      <td>Ward</td>\n",
       "      <td>F</td>\n",
       "      <td>2</td>\n",
       "      <td>27</td>\n",
       "      <td>1</td>\n",
       "      <td>165.374825</td>\n",
       "      <td>1</td>\n",
       "      <td>...</td>\n",
       "      <td>ACT</td>\n",
       "      <td>1</td>\n",
       "      <td>2007</td>\n",
       "      <td>14</td>\n",
       "      <td>237</td>\n",
       "      <td>0</td>\n",
       "      <td>140133</td>\n",
       "      <td>604776</td>\n",
       "      <td>1</td>\n",
       "      <td>1</td>\n",
       "    </tr>\n",
       "    <tr>\n",
       "      <th>1710</th>\n",
       "      <td>2377149</td>\n",
       "      <td>Susan Kopcha</td>\n",
       "      <td>Susan</td>\n",
       "      <td>Kopcha</td>\n",
       "      <td>F</td>\n",
       "      <td>2</td>\n",
       "      <td>27</td>\n",
       "      <td>1</td>\n",
       "      <td>165.374825</td>\n",
       "      <td>1</td>\n",
       "      <td>...</td>\n",
       "      <td>WD</td>\n",
       "      <td>2</td>\n",
       "      <td>2007</td>\n",
       "      <td>16</td>\n",
       "      <td>162</td>\n",
       "      <td>0</td>\n",
       "      <td>140133</td>\n",
       "      <td>604776</td>\n",
       "      <td>1</td>\n",
       "      <td>1</td>\n",
       "    </tr>\n",
       "    <tr>\n",
       "      <th>1711</th>\n",
       "      <td>2377150</td>\n",
       "      <td>Melanie Ayres</td>\n",
       "      <td>Melanie</td>\n",
       "      <td>Ayres</td>\n",
       "      <td>F</td>\n",
       "      <td>2</td>\n",
       "      <td>27</td>\n",
       "      <td>1</td>\n",
       "      <td>165.374825</td>\n",
       "      <td>1</td>\n",
       "      <td>...</td>\n",
       "      <td>WD</td>\n",
       "      <td>2</td>\n",
       "      <td>2007</td>\n",
       "      <td>18</td>\n",
       "      <td>81</td>\n",
       "      <td>0</td>\n",
       "      <td>140133</td>\n",
       "      <td>604776</td>\n",
       "      <td>1</td>\n",
       "      <td>1</td>\n",
       "    </tr>\n",
       "    <tr>\n",
       "      <th>1712</th>\n",
       "      <td>2377151</td>\n",
       "      <td>Jaime Stumpf</td>\n",
       "      <td>Jaime</td>\n",
       "      <td>Stumpf</td>\n",
       "      <td>F</td>\n",
       "      <td>2</td>\n",
       "      <td>27</td>\n",
       "      <td>1</td>\n",
       "      <td>165.374825</td>\n",
       "      <td>1</td>\n",
       "      <td>...</td>\n",
       "      <td>WD</td>\n",
       "      <td>2</td>\n",
       "      <td>2007</td>\n",
       "      <td>19</td>\n",
       "      <td>76</td>\n",
       "      <td>0</td>\n",
       "      <td>140133</td>\n",
       "      <td>604776</td>\n",
       "      <td>1</td>\n",
       "      <td>1</td>\n",
       "    </tr>\n",
       "    <tr>\n",
       "      <th>1713</th>\n",
       "      <td>2377152</td>\n",
       "      <td>Victoria</td>\n",
       "      <td>Victoria</td>\n",
       "      <td>NaN</td>\n",
       "      <td>F</td>\n",
       "      <td>2</td>\n",
       "      <td>27</td>\n",
       "      <td>1</td>\n",
       "      <td>165.374825</td>\n",
       "      <td>1</td>\n",
       "      <td>...</td>\n",
       "      <td>WD</td>\n",
       "      <td>2</td>\n",
       "      <td>2007</td>\n",
       "      <td>20</td>\n",
       "      <td>86</td>\n",
       "      <td>0</td>\n",
       "      <td>140133</td>\n",
       "      <td>604776</td>\n",
       "      <td>1</td>\n",
       "      <td>1</td>\n",
       "    </tr>\n",
       "  </tbody>\n",
       "</table>\n",
       "<p>1633 rows × 30 columns</p>\n",
       "</div>"
      ],
      "text/plain": [
       "      competitorId     competitorName    firstName lastName gender  genderId  \\\n",
       "0             1616        Russ Greene         Russ   Greene      M         1   \n",
       "1             1616        Russ Greene         Russ   Greene      M         1   \n",
       "2             1685  Christopher Woods  Christopher    Woods      M         1   \n",
       "3             1690       Travis Mayer       Travis    Mayer      M         1   \n",
       "4             1690       Travis Mayer       Travis    Mayer      M         1   \n",
       "...            ...                ...          ...      ...    ...       ...   \n",
       "1709       2377148       Melanie Ward      Melanie     Ward      F         2   \n",
       "1710       2377149       Susan Kopcha        Susan   Kopcha      F         2   \n",
       "1711       2377150      Melanie Ayres      Melanie    Ayres      F         2   \n",
       "1712       2377151       Jaime Stumpf        Jaime   Stumpf      F         2   \n",
       "1713       2377152          Victoria      Victoria      NaN      F         2   \n",
       "\n",
       "      age  ageNull      height  heightNull  ...  status  statusId  year  \\\n",
       "0      20        0  178.000000           0  ...     ACT         1  2007   \n",
       "1      21        0  178.000000           0  ...     ACT         1  2008   \n",
       "2      29        0  163.000000           0  ...     ACT         1  2008   \n",
       "3      23        0  181.000000           0  ...     ACT         1  2014   \n",
       "4      25        0  181.000000           0  ...     ACT         1  2016   \n",
       "...   ...      ...         ...         ...  ...     ...       ...   ...   \n",
       "1709   27        1  165.374825           1  ...     ACT         1  2007   \n",
       "1710   27        1  165.374825           1  ...      WD         2  2007   \n",
       "1711   27        1  165.374825           1  ...      WD         2  2007   \n",
       "1712   27        1  165.374825           1  ...      WD         2  2007   \n",
       "1713   27        1  165.374825           1  ...      WD         2  2007   \n",
       "\n",
       "      overallRank overallScore  openCompetitor openRank  openScore  \\\n",
       "0              11          232               0   140133     604776   \n",
       "1              53           21               0   140133     604776   \n",
       "2              32           19               0   140133     604776   \n",
       "3              29          483               1       17        566   \n",
       "4              10          702               1        3         86   \n",
       "...           ...          ...             ...      ...        ...   \n",
       "1709           14          237               0   140133     604776   \n",
       "1710           16          162               0   140133     604776   \n",
       "1711           18           81               0   140133     604776   \n",
       "1712           19           76               0   140133     604776   \n",
       "1713           20           86               0   140133     604776   \n",
       "\n",
       "     gamesCompetitions  openCompetitions  \n",
       "0                    1                 0  \n",
       "1                    2                 0  \n",
       "2                    1                 0  \n",
       "3                    1                 1  \n",
       "4                    2                 2  \n",
       "...                ...               ...  \n",
       "1709                 1                 1  \n",
       "1710                 1                 1  \n",
       "1711                 1                 1  \n",
       "1712                 1                 1  \n",
       "1713                 1                 1  \n",
       "\n",
       "[1633 rows x 30 columns]"
      ]
     },
     "execution_count": 4,
     "metadata": {},
     "output_type": "execute_result"
    }
   ],
   "source": [
    "df_games_and_open"
   ]
  },
  {
   "cell_type": "markdown",
   "metadata": {},
   "source": [
    "### Numeric Variables"
   ]
  },
  {
   "cell_type": "code",
   "execution_count": 5,
   "metadata": {},
   "outputs": [
    {
     "data": {
      "text/html": [
       "<div>\n",
       "<style scoped>\n",
       "    .dataframe tbody tr th:only-of-type {\n",
       "        vertical-align: middle;\n",
       "    }\n",
       "\n",
       "    .dataframe tbody tr th {\n",
       "        vertical-align: top;\n",
       "    }\n",
       "\n",
       "    .dataframe thead th {\n",
       "        text-align: right;\n",
       "    }\n",
       "</style>\n",
       "<table border=\"1\" class=\"dataframe\">\n",
       "  <thead>\n",
       "    <tr style=\"text-align: right;\">\n",
       "      <th></th>\n",
       "      <th>count</th>\n",
       "      <th>mean</th>\n",
       "      <th>std</th>\n",
       "      <th>min</th>\n",
       "      <th>25%</th>\n",
       "      <th>50%</th>\n",
       "      <th>75%</th>\n",
       "      <th>max</th>\n",
       "    </tr>\n",
       "  </thead>\n",
       "  <tbody>\n",
       "    <tr>\n",
       "      <th>competitorId</th>\n",
       "      <td>1633.0</td>\n",
       "      <td>317673.375383</td>\n",
       "      <td>562906.224038</td>\n",
       "      <td>1616.00000</td>\n",
       "      <td>15679.000000</td>\n",
       "      <td>58489.00000</td>\n",
       "      <td>310970.000000</td>\n",
       "      <td>2.377152e+06</td>\n",
       "    </tr>\n",
       "    <tr>\n",
       "      <th>genderId</th>\n",
       "      <td>1633.0</td>\n",
       "      <td>1.461115</td>\n",
       "      <td>0.498638</td>\n",
       "      <td>1.00000</td>\n",
       "      <td>1.000000</td>\n",
       "      <td>1.00000</td>\n",
       "      <td>2.000000</td>\n",
       "      <td>2.000000e+00</td>\n",
       "    </tr>\n",
       "    <tr>\n",
       "      <th>age</th>\n",
       "      <td>1633.0</td>\n",
       "      <td>27.860380</td>\n",
       "      <td>4.544724</td>\n",
       "      <td>13.00000</td>\n",
       "      <td>25.000000</td>\n",
       "      <td>27.00000</td>\n",
       "      <td>30.000000</td>\n",
       "      <td>5.400000e+01</td>\n",
       "    </tr>\n",
       "    <tr>\n",
       "      <th>ageNull</th>\n",
       "      <td>1633.0</td>\n",
       "      <td>0.047152</td>\n",
       "      <td>0.212030</td>\n",
       "      <td>0.00000</td>\n",
       "      <td>0.000000</td>\n",
       "      <td>0.00000</td>\n",
       "      <td>0.000000</td>\n",
       "      <td>1.000000e+00</td>\n",
       "    </tr>\n",
       "    <tr>\n",
       "      <th>height</th>\n",
       "      <td>1633.0</td>\n",
       "      <td>171.785128</td>\n",
       "      <td>8.450826</td>\n",
       "      <td>150.00000</td>\n",
       "      <td>165.374825</td>\n",
       "      <td>171.00000</td>\n",
       "      <td>178.000000</td>\n",
       "      <td>1.990000e+02</td>\n",
       "    </tr>\n",
       "    <tr>\n",
       "      <th>heightNull</th>\n",
       "      <td>1633.0</td>\n",
       "      <td>0.103491</td>\n",
       "      <td>0.304692</td>\n",
       "      <td>0.00000</td>\n",
       "      <td>0.000000</td>\n",
       "      <td>0.00000</td>\n",
       "      <td>0.000000</td>\n",
       "      <td>1.000000e+00</td>\n",
       "    </tr>\n",
       "    <tr>\n",
       "      <th>weight</th>\n",
       "      <td>1633.0</td>\n",
       "      <td>77.746615</td>\n",
       "      <td>12.987179</td>\n",
       "      <td>50.00000</td>\n",
       "      <td>65.663854</td>\n",
       "      <td>80.00000</td>\n",
       "      <td>88.375447</td>\n",
       "      <td>1.090000e+02</td>\n",
       "    </tr>\n",
       "    <tr>\n",
       "      <th>weightNull</th>\n",
       "      <td>1633.0</td>\n",
       "      <td>0.100429</td>\n",
       "      <td>0.300663</td>\n",
       "      <td>0.00000</td>\n",
       "      <td>0.000000</td>\n",
       "      <td>0.00000</td>\n",
       "      <td>0.000000</td>\n",
       "      <td>1.000000e+00</td>\n",
       "    </tr>\n",
       "    <tr>\n",
       "      <th>bmi</th>\n",
       "      <td>1633.0</td>\n",
       "      <td>26.169534</td>\n",
       "      <td>2.659314</td>\n",
       "      <td>15.65617</td>\n",
       "      <td>24.013081</td>\n",
       "      <td>26.21641</td>\n",
       "      <td>28.086260</td>\n",
       "      <td>3.955556e+01</td>\n",
       "    </tr>\n",
       "    <tr>\n",
       "      <th>bmiNull</th>\n",
       "      <td>1633.0</td>\n",
       "      <td>0.109614</td>\n",
       "      <td>0.312504</td>\n",
       "      <td>0.00000</td>\n",
       "      <td>0.000000</td>\n",
       "      <td>0.00000</td>\n",
       "      <td>0.000000</td>\n",
       "      <td>1.000000e+00</td>\n",
       "    </tr>\n",
       "    <tr>\n",
       "      <th>affiliateId</th>\n",
       "      <td>1633.0</td>\n",
       "      <td>3944.567055</td>\n",
       "      <td>6285.218117</td>\n",
       "      <td>0.00000</td>\n",
       "      <td>0.000000</td>\n",
       "      <td>372.00000</td>\n",
       "      <td>5490.000000</td>\n",
       "      <td>2.960900e+04</td>\n",
       "    </tr>\n",
       "    <tr>\n",
       "      <th>countryOfOriginCode</th>\n",
       "      <td>1633.0</td>\n",
       "      <td>9.276791</td>\n",
       "      <td>22.034021</td>\n",
       "      <td>0.00000</td>\n",
       "      <td>0.000000</td>\n",
       "      <td>1.00000</td>\n",
       "      <td>5.000000</td>\n",
       "      <td>1.150000e+02</td>\n",
       "    </tr>\n",
       "    <tr>\n",
       "      <th>regionId</th>\n",
       "      <td>1633.0</td>\n",
       "      <td>1.853644</td>\n",
       "      <td>2.124210</td>\n",
       "      <td>0.00000</td>\n",
       "      <td>0.000000</td>\n",
       "      <td>1.00000</td>\n",
       "      <td>4.000000</td>\n",
       "      <td>7.000000e+00</td>\n",
       "    </tr>\n",
       "    <tr>\n",
       "      <th>statusId</th>\n",
       "      <td>1633.0</td>\n",
       "      <td>2.256583</td>\n",
       "      <td>1.457211</td>\n",
       "      <td>1.00000</td>\n",
       "      <td>1.000000</td>\n",
       "      <td>1.00000</td>\n",
       "      <td>4.000000</td>\n",
       "      <td>5.000000e+00</td>\n",
       "    </tr>\n",
       "    <tr>\n",
       "      <th>year</th>\n",
       "      <td>1633.0</td>\n",
       "      <td>2014.430496</td>\n",
       "      <td>4.650029</td>\n",
       "      <td>2007.00000</td>\n",
       "      <td>2010.000000</td>\n",
       "      <td>2014.00000</td>\n",
       "      <td>2019.000000</td>\n",
       "      <td>2.022000e+03</td>\n",
       "    </tr>\n",
       "    <tr>\n",
       "      <th>overallRank</th>\n",
       "      <td>1633.0</td>\n",
       "      <td>33.088794</td>\n",
       "      <td>28.944463</td>\n",
       "      <td>-1.00000</td>\n",
       "      <td>13.000000</td>\n",
       "      <td>26.00000</td>\n",
       "      <td>40.000000</td>\n",
       "      <td>1.410000e+02</td>\n",
       "    </tr>\n",
       "    <tr>\n",
       "      <th>overallScore</th>\n",
       "      <td>1633.0</td>\n",
       "      <td>326.676056</td>\n",
       "      <td>296.719965</td>\n",
       "      <td>0.00000</td>\n",
       "      <td>48.000000</td>\n",
       "      <td>237.00000</td>\n",
       "      <td>562.000000</td>\n",
       "      <td>1.435000e+03</td>\n",
       "    </tr>\n",
       "    <tr>\n",
       "      <th>openCompetitor</th>\n",
       "      <td>1633.0</td>\n",
       "      <td>0.703001</td>\n",
       "      <td>0.457076</td>\n",
       "      <td>0.00000</td>\n",
       "      <td>0.000000</td>\n",
       "      <td>1.00000</td>\n",
       "      <td>1.000000</td>\n",
       "      <td>1.000000e+00</td>\n",
       "    </tr>\n",
       "    <tr>\n",
       "      <th>openRank</th>\n",
       "      <td>1633.0</td>\n",
       "      <td>42395.987753</td>\n",
       "      <td>63788.759843</td>\n",
       "      <td>1.00000</td>\n",
       "      <td>29.000000</td>\n",
       "      <td>134.00000</td>\n",
       "      <td>140133.000000</td>\n",
       "      <td>1.401330e+05</td>\n",
       "    </tr>\n",
       "    <tr>\n",
       "      <th>openScore</th>\n",
       "      <td>1633.0</td>\n",
       "      <td>185012.301286</td>\n",
       "      <td>274513.154008</td>\n",
       "      <td>4.00000</td>\n",
       "      <td>564.000000</td>\n",
       "      <td>1781.00000</td>\n",
       "      <td>604776.000000</td>\n",
       "      <td>6.047760e+05</td>\n",
       "    </tr>\n",
       "    <tr>\n",
       "      <th>gamesCompetitions</th>\n",
       "      <td>1633.0</td>\n",
       "      <td>1.921004</td>\n",
       "      <td>1.746637</td>\n",
       "      <td>0.00000</td>\n",
       "      <td>1.000000</td>\n",
       "      <td>1.00000</td>\n",
       "      <td>2.000000</td>\n",
       "      <td>1.100000e+01</td>\n",
       "    </tr>\n",
       "    <tr>\n",
       "      <th>openCompetitions</th>\n",
       "      <td>1633.0</td>\n",
       "      <td>2.156767</td>\n",
       "      <td>1.800713</td>\n",
       "      <td>0.00000</td>\n",
       "      <td>1.000000</td>\n",
       "      <td>1.00000</td>\n",
       "      <td>3.000000</td>\n",
       "      <td>1.000000e+01</td>\n",
       "    </tr>\n",
       "  </tbody>\n",
       "</table>\n",
       "</div>"
      ],
      "text/plain": [
       "                      count           mean            std         min  \\\n",
       "competitorId         1633.0  317673.375383  562906.224038  1616.00000   \n",
       "genderId             1633.0       1.461115       0.498638     1.00000   \n",
       "age                  1633.0      27.860380       4.544724    13.00000   \n",
       "ageNull              1633.0       0.047152       0.212030     0.00000   \n",
       "height               1633.0     171.785128       8.450826   150.00000   \n",
       "heightNull           1633.0       0.103491       0.304692     0.00000   \n",
       "weight               1633.0      77.746615      12.987179    50.00000   \n",
       "weightNull           1633.0       0.100429       0.300663     0.00000   \n",
       "bmi                  1633.0      26.169534       2.659314    15.65617   \n",
       "bmiNull              1633.0       0.109614       0.312504     0.00000   \n",
       "affiliateId          1633.0    3944.567055    6285.218117     0.00000   \n",
       "countryOfOriginCode  1633.0       9.276791      22.034021     0.00000   \n",
       "regionId             1633.0       1.853644       2.124210     0.00000   \n",
       "statusId             1633.0       2.256583       1.457211     1.00000   \n",
       "year                 1633.0    2014.430496       4.650029  2007.00000   \n",
       "overallRank          1633.0      33.088794      28.944463    -1.00000   \n",
       "overallScore         1633.0     326.676056     296.719965     0.00000   \n",
       "openCompetitor       1633.0       0.703001       0.457076     0.00000   \n",
       "openRank             1633.0   42395.987753   63788.759843     1.00000   \n",
       "openScore            1633.0  185012.301286  274513.154008     4.00000   \n",
       "gamesCompetitions    1633.0       1.921004       1.746637     0.00000   \n",
       "openCompetitions     1633.0       2.156767       1.800713     0.00000   \n",
       "\n",
       "                              25%          50%            75%           max  \n",
       "competitorId         15679.000000  58489.00000  310970.000000  2.377152e+06  \n",
       "genderId                 1.000000      1.00000       2.000000  2.000000e+00  \n",
       "age                     25.000000     27.00000      30.000000  5.400000e+01  \n",
       "ageNull                  0.000000      0.00000       0.000000  1.000000e+00  \n",
       "height                 165.374825    171.00000     178.000000  1.990000e+02  \n",
       "heightNull               0.000000      0.00000       0.000000  1.000000e+00  \n",
       "weight                  65.663854     80.00000      88.375447  1.090000e+02  \n",
       "weightNull               0.000000      0.00000       0.000000  1.000000e+00  \n",
       "bmi                     24.013081     26.21641      28.086260  3.955556e+01  \n",
       "bmiNull                  0.000000      0.00000       0.000000  1.000000e+00  \n",
       "affiliateId              0.000000    372.00000    5490.000000  2.960900e+04  \n",
       "countryOfOriginCode      0.000000      1.00000       5.000000  1.150000e+02  \n",
       "regionId                 0.000000      1.00000       4.000000  7.000000e+00  \n",
       "statusId                 1.000000      1.00000       4.000000  5.000000e+00  \n",
       "year                  2010.000000   2014.00000    2019.000000  2.022000e+03  \n",
       "overallRank             13.000000     26.00000      40.000000  1.410000e+02  \n",
       "overallScore            48.000000    237.00000     562.000000  1.435000e+03  \n",
       "openCompetitor           0.000000      1.00000       1.000000  1.000000e+00  \n",
       "openRank                29.000000    134.00000  140133.000000  1.401330e+05  \n",
       "openScore              564.000000   1781.00000  604776.000000  6.047760e+05  \n",
       "gamesCompetitions        1.000000      1.00000       2.000000  1.100000e+01  \n",
       "openCompetitions         1.000000      1.00000       3.000000  1.000000e+01  "
      ]
     },
     "execution_count": 5,
     "metadata": {},
     "output_type": "execute_result"
    }
   ],
   "source": [
    "numerical_games = df_games_and_open.select_dtypes(include=[np.number])\n",
    "numerical_games.describe().T"
   ]
  },
  {
   "cell_type": "markdown",
   "metadata": {},
   "source": [
    "##### Heatmap"
   ]
  },
  {
   "cell_type": "code",
   "execution_count": 6,
   "metadata": {},
   "outputs": [
    {
     "data": {
      "application/vnd.plotly.v1+json": {
       "config": {
        "plotlyServerURL": "https://plot.ly"
       },
       "data": [
        {
         "colorbar": {
          "title": {
           "text": "Correlation"
          }
         },
         "colorscale": [
          [
           0,
           "rgb(103,0,31)"
          ],
          [
           0.1,
           "rgb(178,24,43)"
          ],
          [
           0.2,
           "rgb(214,96,77)"
          ],
          [
           0.3,
           "rgb(244,165,130)"
          ],
          [
           0.4,
           "rgb(253,219,199)"
          ],
          [
           0.5,
           "rgb(247,247,247)"
          ],
          [
           0.6,
           "rgb(209,229,240)"
          ],
          [
           0.7,
           "rgb(146,197,222)"
          ],
          [
           0.8,
           "rgb(67,147,195)"
          ],
          [
           0.9,
           "rgb(33,102,172)"
          ],
          [
           1,
           "rgb(5,48,97)"
          ]
         ],
         "type": "heatmap",
         "x": [
          "competitorId",
          "genderId",
          "age",
          "ageNull",
          "height",
          "heightNull",
          "weight",
          "weightNull",
          "bmi",
          "bmiNull",
          "affiliateId",
          "countryOfOriginCode",
          "regionId",
          "statusId",
          "year",
          "overallRank",
          "overallScore",
          "openCompetitor",
          "openRank",
          "openScore",
          "gamesCompetitions",
          "openCompetitions"
         ],
         "y": [
          "competitorId",
          "genderId",
          "age",
          "ageNull",
          "height",
          "heightNull",
          "weight",
          "weightNull",
          "bmi",
          "bmiNull",
          "affiliateId",
          "countryOfOriginCode",
          "regionId",
          "statusId",
          "year",
          "overallRank",
          "overallScore",
          "openCompetitor",
          "openRank",
          "openScore",
          "gamesCompetitions",
          "openCompetitions"
         ],
         "z": [
          [
           1,
           0.051655456501295376,
           -0.10514491445145163,
           0.8140923708775065,
           -0.05031532290409187,
           0.5682991090256311,
           -0.04686658343657375,
           0.5724659116617699,
           -0.028801589542985322,
           0.5469239036642131,
           0.11725899554376117,
           0.2067562687939535,
           -0.007388225842713112,
           0.04086306339170048,
           -0.02304901043302113,
           0.20162186198527773,
           -0.22109901841268648,
           -0.19791525656353892,
           0.2069091234324278,
           0.21114507696561058,
           -0.26382411686906276,
           -0.24360648783845296
          ],
          [
           0.051655456501295376,
           1,
           0.07493361481253576,
           0.026046411922040394,
           -0.7055255462302862,
           0.00028895695153961104,
           -0.8695284214407925,
           0.026064291689335262,
           -0.7625813077825508,
           0.013607481870503639,
           0.036118727765047716,
           0.013416930160102123,
           0.06606738038257312,
           0.03692977996380282,
           0.0898066592640278,
           -0.10676841227166872,
           0.06792698915867831,
           0.0850647086364839,
           -0.08556001981308622,
           -0.08699755296685331,
           0.04044238607432503,
           0.025218501584907703
          ],
          [
           -0.10514491445145163,
           0.07493361481253576,
           1,
           -0.04212658287709515,
           -0.08104025076834584,
           -0.010356303537638653,
           -0.11313441918405033,
           -0.03995594922851232,
           -0.10765306514454413,
           -0.024595310772111377,
           -0.02111234920785716,
           0.07574132068511927,
           -0.05060977642942957,
           0.06814332073257971,
           -0.06929258605549567,
           0.13884916317739582,
           -0.1520899723573731,
           -0.10315708047855464,
           0.11341352745751951,
           0.11755166971779551,
           0.10343580605851022,
           0.10959549875680699
          ],
          [
           0.8140923708775065,
           0.026046411922040394,
           -0.04212658287709515,
           1,
           -0.016991357535664216,
           0.6547383088563493,
           -0.020036473729141725,
           0.6657781531792225,
           -0.016742900832692937,
           0.6340102133334112,
           -0.13965374001002434,
           -0.09368662571551557,
           -0.1941790584791598,
           -0.05901304539605356,
           -0.30958916121609703,
           0.03276474766361107,
           -0.15582260307421075,
           -0.34224778097533426,
           0.3409482623472567,
           0.34026344894734545,
           -0.12229999743335622,
           -0.14294696587139785
          ],
          [
           -0.05031532290409187,
           -0.7055255462302862,
           -0.08104025076834584,
           -0.016991357535664216,
           1,
           0.002005595503693542,
           0.8399423474502022,
           -0.015974491175052796,
           0.4224399818649416,
           -0.007058811364174522,
           -0.061621896917679865,
           -0.08264679877869792,
           -0.09595378732640719,
           -0.03569026326206132,
           -0.09271866223435557,
           0.010496927529124029,
           -0.026574766107606895,
           -0.10544518241366435,
           0.10326920487151198,
           0.10273697064079379,
           -0.008592689359393692,
           0.0005513063088093018
          ],
          [
           0.5682991090256311,
           0.00028895695153961104,
           -0.010356303537638653,
           0.6547383088563493,
           0.002005595503693542,
           1,
           0.005881567785963857,
           0.9165314795125503,
           0.004576792081036545,
           0.9683414041265659,
           -0.20926551042957947,
           -0.1307688113062335,
           -0.2700668991065825,
           -0.02810142577859657,
           -0.43020858712608523,
           0.07378628417783804,
           -0.2372360963199803,
           -0.4919261135516124,
           0.4898766855871471,
           0.48883078423696164,
           -0.16424319384189923,
           -0.10217985588394425
          ],
          [
           -0.04686658343657375,
           -0.8695284214407925,
           -0.11313441918405033,
           -0.020036473729141725,
           0.8399423474502022,
           0.005881567785963857,
           1,
           -0.018708658309734012,
           0.8410483674075758,
           -0.005649763809083344,
           -0.04693125828870874,
           -0.09739621540736486,
           -0.07136965765240269,
           -0.06963256031570374,
           -0.046490945878334654,
           -0.0011749087632087825,
           -0.001921423073876387,
           -0.04988696407729307,
           0.04459083123562949,
           0.043077843437123856,
           -0.007238052064119591,
           0.0025513301617199036
          ],
          [
           0.5724659116617699,
           0.026064291689335262,
           -0.03995594922851232,
           0.6657781531792225,
           -0.015974491175052796,
           0.9165314795125503,
           -0.018708658309734012,
           1,
           -0.015179747334407903,
           0.9522844964285577,
           -0.20509097368918486,
           -0.12804601276834024,
           -0.26287509758972283,
           -0.022488127562784076,
           -0.41969062992074807,
           0.0697367851617007,
           -0.2297391009031889,
           -0.4739281863831022,
           0.47188040440926965,
           0.47083645601189617,
           -0.16573817654563427,
           -0.11284786569672914
          ],
          [
           -0.028801589542985322,
           -0.7625813077825508,
           -0.10765306514454413,
           -0.016742900832692937,
           0.4224399818649416,
           0.004576792081036545,
           0.8410483674075758,
           -0.015179747334407903,
           1,
           -0.005433777295374913,
           -0.013524088408311999,
           -0.0783847871643913,
           -0.0270514527161264,
           -0.07836451643830318,
           0.013941794828183883,
           -0.007688259694239059,
           0.01886541112820517,
           0.017716514651404405,
           -0.024088067074004592,
           -0.02596054713079576,
           -0.0025584302268751116,
           0.0021263982197451793
          ],
          [
           0.5469239036642131,
           0.013607481870503639,
           -0.024595310772111377,
           0.6340102133334112,
           -0.007058811364174522,
           0.9683414041265659,
           -0.005649763809083344,
           0.9522844964285577,
           -0.005433777295374913,
           1,
           -0.21577821341419115,
           -0.13557699224355232,
           -0.27857957887393314,
           -0.020086942112800012,
           -0.44150913522947527,
           0.07547190101141057,
           -0.2430068778494235,
           -0.5012062260888331,
           0.4990642764417903,
           0.49796937101544647,
           -0.1693538406035262,
           -0.10568800626356319
          ],
          [
           0.11725899554376117,
           0.036118727765047716,
           -0.02111234920785716,
           -0.13965374001002434,
           -0.061621896917679865,
           -0.20926551042957947,
           -0.04693125828870874,
           -0.20509097368918486,
           -0.013524088408311999,
           -0.21577821341419115,
           1,
           0.4202812675201822,
           0.3787029438910292,
           0.09133623114772912,
           0.5901803254168514,
           0.20990465278885606,
           -0.0019142134421848193,
           0.39939673283148996,
           -0.38762818717856345,
           -0.381863411236648,
           -0.040478136088624043,
           -0.020738401051690506
          ],
          [
           0.2067562687939535,
           0.013416930160102123,
           0.07574132068511927,
           -0.09368662571551557,
           -0.08264679877869792,
           -0.1307688113062335,
           -0.09739621540736486,
           -0.12804601276834024,
           -0.0783847871643913,
           -0.13557699224355232,
           0.4202812675201822,
           1,
           0.466490611620528,
           0.34665679075684525,
           0.40642465815768347,
           0.6223681484730662,
           -0.26885700319574957,
           0.2667424438640712,
           -0.23337197065664073,
           -0.21587036734644985,
           -0.27410885761754533,
           -0.17676246201884843
          ],
          [
           -0.007388225842713112,
           0.06606738038257312,
           -0.05060977642942957,
           -0.1941790584791598,
           -0.09595378732640719,
           -0.2700668991065825,
           -0.07136965765240269,
           -0.26287509758972283,
           -0.0270514527161264,
           -0.27857957887393314,
           0.3787029438910292,
